          x         y
0  0.548814  0.715189
1  0.602763  0.544883
2  0.423655  0.645894
3  0.437587  0.891773
notTreeIdxs: Int64Index([0, 1, 2, 3], dtype='int64')
G in prim:           x         y       key
0  0.548814  0.715189  0.000000
1  0.602763  0.544883  0.178647
2  0.423655  0.645894  0.143061
3  0.437587  0.891773  0.208694
MST weight: 0.530402106833
Successors of           x         y
0  0.548814  0.715189:
	          x         y
0  0.548814  0.715189
1  0.602763  0.544883
	          x         y
0  0.548814  0.715189
2  0.423655  0.645894
	          x         y
0  0.548814  0.715189
3  0.437587  0.891773
notTreeIdxs: Int64Index([0, 2, 3], dtype='int64')
G in prim:           x         y       key
0  0.548814  0.715189  0.000000
2  0.423655  0.645894  0.143061
3  0.437587  0.891773  0.208694
MST weight: 0.351755011138
notTreeIdxs: Int64Index([0, 1, 3], dtype='int64')
G in prim:           x         y       key
0  0.548814  0.715189  0.000000
1  0.602763  0.544883  0.178647
3  0.437587  0.891773  0.208694
MST weight: 0.387340814147
notTreeIdxs: Int64Index([0, 1, 2], dtype='int64')
G in prim:           x         y       key
0  0.548814  0.715189  0.000000
1  0.602763  0.544883  0.178647
2  0.423655  0.645894  0.143061
MST weight: 0.321708388381
Successors of           x         y
0  0.548814  0.715189
2  0.423655  0.645894:
	          x         y
0  0.548814  0.715189
2  0.423655  0.645894
1  0.602763  0.544883
	          x         y
0  0.548814  0.715189
2  0.423655  0.645894
3  0.437587  0.891773
notTreeIdxs: Int64Index([0, 3], dtype='int64')
G in prim:           x         y       key
0  0.548814  0.715189  0.000000
3  0.437587  0.891773  0.208694
MST weight: 0.208693718452
notTreeIdxs: Int64Index([0, 1], dtype='int64')
G in prim:           x         y       key
0  0.548814  0.715189  0.000000
1  0.602763  0.544883  0.178647
MST weight: 0.178647095695
Successors of           x         y
0  0.548814  0.715189
3  0.437587  0.891773:
	          x         y
0  0.548814  0.715189
3  0.437587  0.891773
1  0.602763  0.544883
	          x         y
0  0.548814  0.715189
3  0.437587  0.891773
2  0.423655  0.645894
notTreeIdxs: Int64Index([0, 2], dtype='int64')
G in prim:           x         y       key
0  0.548814  0.715189  0.000000
2  0.423655  0.645894  0.143061
MST weight: 0.143061292686
notTreeIdxs: Int64Index([0, 1], dtype='int64')
G in prim:           x         y       key
0  0.548814  0.715189  0.000000
1  0.602763  0.544883  0.178647
MST weight: 0.178647095695
Successors of           x         y
0  0.548814  0.715189
1  0.602763  0.544883:
	          x         y
0  0.548814  0.715189
1  0.602763  0.544883
2  0.423655  0.645894
	          x         y
0  0.548814  0.715189
1  0.602763  0.544883
3  0.437587  0.891773
notTreeIdxs: Int64Index([0, 3], dtype='int64')
G in prim:           x         y       key
0  0.548814  0.715189  0.000000
3  0.437587  0.891773  0.208694
MST weight: 0.208693718452
notTreeIdxs: Int64Index([0, 2], dtype='int64')
G in prim:           x         y       key
0  0.548814  0.715189  0.000000
2  0.423655  0.645894  0.143061
MST weight: 0.143061292686
Successors of           x         y
0  0.548814  0.715189
2  0.423655  0.645894
1  0.602763  0.544883:
	          x         y
0  0.548814  0.715189
2  0.423655  0.645894
1  0.602763  0.544883
3  0.437587  0.891773
0  0.548814  0.715189
Successors of           x         y
0  0.548814  0.715189
2  0.423655  0.645894
3  0.437587  0.891773:
	          x         y
0  0.548814  0.715189
2  0.423655  0.645894
3  0.437587  0.891773
1  0.602763  0.544883
0  0.548814  0.715189
Successors of           x         y
0  0.548814  0.715189
1  0.602763  0.544883
2  0.423655  0.645894:
	          x         y
0  0.548814  0.715189
1  0.602763  0.544883
2  0.423655  0.645894
3  0.437587  0.891773
0  0.548814  0.715189
Successors of           x         y
0  0.548814  0.715189
3  0.437587  0.891773
2  0.423655  0.645894:
	          x         y
0  0.548814  0.715189
3  0.437587  0.891773
2  0.423655  0.645894
1  0.602763  0.544883
0  0.548814  0.715189
Successors of           x         y
0  0.548814  0.715189
1  0.602763  0.544883
3  0.437587  0.891773:
	          x         y
0  0.548814  0.715189
1  0.602763  0.544883
3  0.437587  0.891773
2  0.423655  0.645894
0  0.548814  0.715189
Successors of           x         y
0  0.548814  0.715189
3  0.437587  0.891773
1  0.602763  0.544883:
	          x         y
0  0.548814  0.715189
3  0.437587  0.891773
1  0.602763  0.544883
2  0.423655  0.645894
0  0.548814  0.715189
solution path:           x         y
0  0.548814  0.715189
1  0.602763  0.544883
2  0.423655  0.645894
3  0.437587  0.891773
0  0.548814  0.715189
solLength: [ 5.]
expanded: [ 10.]
compTime: [ 0.161156]
